              precision    recall  f1-score   support

           0     0.9091    1.0000    0.9524        10
           1     0.8889    0.8000    0.8421        10
           2     0.8333    1.0000    0.9091        10
           3     1.0000    1.0000    1.0000        10
           4     1.0000    0.8000    0.8889        10
           5     1.0000    0.8000    0.8889        10
           6     1.0000    0.9000    0.9474        10
           7     0.8889    0.8000    0.8421        10
           8     0.9091    1.0000    0.9524        10
           9     0.7692    1.0000    0.8696        10

    accuracy                         0.9100       100
   macro avg     0.9199    0.9100    0.9093       100
weighted avg     0.9199    0.9100    0.9093       100
