              precision    recall  f1-score   support

           1     0.5833    1.0000    0.7368         7
          10     1.0000    0.8889    0.9412         9
          11     1.0000    0.9000    0.9474        10
          12     0.8667    0.9286    0.8966        14
          13     0.8667    0.9286    0.8966        14
          14     1.0000    0.7778    0.8750         9
          15     0.7500    1.0000    0.8571         9
          16     1.0000    1.0000    1.0000        10
          17     1.0000    1.0000    1.0000         9
          18     0.9167    0.8462    0.8800        13
          19     0.8750    0.5833    0.7000        12
           2     0.9286    1.0000    0.9630        13
          20     0.7143    0.8333    0.7692        12
          21     1.0000    1.0000    1.0000        12
          22     1.0000    0.4000    0.5714        10
          23     0.5000    0.4545    0.4762        11
          24     1.0000    1.0000    1.0000         8
          25     0.8333    0.9375    0.8824        16
          26     0.8000    0.7273    0.7619        11
          27     0.7778    1.0000    0.8750         7
          28     0.3333    0.4286    0.3750         7
          29     0.7000    0.6364    0.6667        11
           3     1.0000    1.0000    1.0000        15
          30     0.5000    0.5714    0.5333         7
          31     1.0000    0.1818    0.3077        11
          32     0.8750    1.0000    0.9333         7
          33     0.7778    1.0000    0.8750         7
          34     0.6667    0.7273    0.6957        11
          35     0.5625    0.9000    0.6923        10
          36     0.9231    0.8571    0.8889        14
          37     1.0000    0.8333    0.9091        12
           4     0.8571    1.0000    0.9231         6
           5     0.9091    0.6250    0.7407        16
           6     1.0000    0.8750    0.9333         8
           7     0.6667    1.0000    0.8000        10
           8     0.8333    0.8333    0.8333        12
           9     1.0000    1.0000    1.0000        11

    accuracy                         0.8261       391
   macro avg     0.8383    0.8291    0.8145       391
weighted avg     0.8506    0.8261    0.8196       391
