              precision    recall  f1-score   support

           1     0.7931    0.6970    0.7419        33
          10     0.8276    0.7059    0.7619        34
          11     0.9394    0.9688    0.9538        32
          12     0.6071    0.5862    0.5965        29
           2     0.9189    0.8947    0.9067        38
           3     1.0000    1.0000    1.0000        40
           4     0.9706    1.0000    0.9851        33
           5     0.9714    0.9444    0.9577        36
           6     0.5000    0.4828    0.4912        29
           7     0.9200    0.9583    0.9388        24
           8     0.6250    0.7143    0.6667        28
           9     0.7000    0.8235    0.7568        34

    accuracy                         0.8231       390
   macro avg     0.8144    0.8147    0.8131       390
weighted avg     0.8251    0.8231    0.8226       390
