              precision    recall  f1-score   support

           1     0.8056    0.7838    0.7945        37
          10     0.8889    0.7273    0.8000        33
          11     0.9688    0.9394    0.9538        33
          12     0.5484    0.5484    0.5484        31
           2     1.0000    0.9032    0.9492        31
           3     0.8750    0.9655    0.9180        29
           4     0.9118    0.8857    0.8986        35
           5     0.9355    1.0000    0.9667        29
           6     0.6000    0.5455    0.5714        33
           7     0.9697    0.9697    0.9697        33
           8     0.7027    0.8125    0.7536        32
           9     0.7436    0.8529    0.7945        34

    accuracy                         0.8256       390
   macro avg     0.8292    0.8278    0.8265       390
weighted avg     0.8284    0.8256    0.8251       390
