              precision    recall  f1-score   support

           1     0.5641    0.8148    0.6667        27
          10     0.6842    0.7027    0.6933        37
          11     0.9259    0.9615    0.9434        26
          12     0.6364    0.6364    0.6364        33
           2     1.0000    0.9412    0.9697        34
           3     0.9688    1.0000    0.9841        31
           4     0.9375    1.0000    0.9677        30
           5     0.9737    0.9737    0.9737        38
           6     0.6250    0.6452    0.6349        31
           7     0.9333    0.9655    0.9492        29
           8     0.6562    0.6176    0.6364        34
           9     0.8000    0.5000    0.6154        40

    accuracy                         0.8026       390
   macro avg     0.8088    0.8132    0.8059       390
weighted avg     0.8091    0.8026    0.8004       390
