              precision    recall  f1-score   support

           1     0.9022    0.8957    0.8989       700
          10     0.9379    0.8843    0.9103       700
          11     0.8748    0.8486    0.8615       700
          12     0.5941    0.5500    0.5712       700
          13     0.7240    0.7271    0.7256       700
          14     0.8796    0.8143    0.8457       700
          15     0.7987    0.8786    0.8367       700
          16     0.7316    0.7943    0.7616       700
          17     0.9215    0.9386    0.9299       700
          18     0.9787    0.9186    0.9477       700
          19     0.8576    0.7571    0.8042       700
           2     0.8544    0.7629    0.8060       700
          20     0.8780    0.9457    0.9106       700
          21     0.8883    1.0000    0.9409       700
          22     0.8397    0.9729    0.9014       700
          23     0.9623    0.9486    0.9554       700
          24     0.9333    1.0000    0.9655       700
           3     0.4586    0.5543    0.5019       700
           4     0.6167    0.4757    0.5371       700
           5     0.4629    0.4014    0.4300       700
           6     0.5667    0.4914    0.5264       700
           7     0.6362    0.8543    0.7293       700
           8     0.5416    0.5586    0.5499       700
           9     0.4815    0.3914    0.4318       700

    accuracy                         0.7652     16800
   macro avg     0.7634    0.7652    0.7617     16800
weighted avg     0.7634    0.7652    0.7617     16800
