              precision    recall  f1-score   support

           3     0.7000    0.7778    0.7368        18
           4     0.5000    0.1053    0.1739        19
           5     0.6364    0.8974    0.7447        39
           6     0.2500    0.2308    0.2400        13
           7     0.3333    0.1250    0.1818         8
           8     0.9333    1.0000    0.9655        42

    accuracy                         0.6978       139
   macro avg     0.5588    0.5227    0.5071       139
weighted avg     0.6621    0.6978    0.6528       139
