              precision    recall  f1-score   support

           1     0.5945    0.2264    0.3279       667
           2     0.9640    0.8206    0.8865      1956
           3     0.7768    0.8344    0.8046       755
           4     0.6019    0.6970    0.6460      1165
           5     0.6425    0.9213    0.7571      1869
           6     0.8519    0.7429    0.7937       743
           7     0.4901    0.2680    0.3465       556

    accuracy                         0.7290      7711
   macro avg     0.7031    0.6444    0.6518      7711
weighted avg     0.7361    0.7290    0.7146      7711
