              precision    recall  f1-score   support

           1     0.3333    0.3000    0.3158        30
          10     0.5238    0.3667    0.4314        30
          11     1.0000    0.5161    0.6809        31
          12     0.7941    0.9310    0.8571        29
           2     0.4000    0.4000    0.4000        30
           3     0.9231    0.8000    0.8571        30
           4     0.2353    0.5333    0.3265        30
           5     0.2857    0.1935    0.2308        31
           6     0.7692    0.6667    0.7143        30
           7     0.7000    0.9333    0.8000        30
           8     1.0000    0.7667    0.8679        30
           9     0.7667    0.7419    0.7541        31

    accuracy                         0.5939       362
   macro avg     0.6443    0.5958    0.6030       362
weighted avg     0.6442    0.5939    0.6019       362
