              precision    recall  f1-score   support

           1     0.8182    0.9000    0.8571        30
          10     0.9333    0.9333    0.9333        30
          11     0.4706    0.2581    0.3333        31
          12     0.9630    0.8966    0.9286        29
           2     0.1587    0.3333    0.2151        30
           3     0.4667    0.2333    0.3111        30
           4     0.4000    0.1333    0.2000        30
           5     0.9333    0.9032    0.9180        31
           6     0.4038    0.7000    0.5122        30
           7     0.6087    0.9333    0.7368        30
           8     0.0000    0.0000    0.0000        30
           9     0.5263    0.3226    0.4000        31

    accuracy                         0.5442       362
   macro avg     0.5569    0.5456    0.5288       362
weighted avg     0.5565    0.5442    0.5279       362
