              precision    recall  f1-score   support

           1     0.6606    1.0000    0.7956        72
          10     1.0000    0.9789    0.9894        95
          11     0.8000    1.0000    0.8889         8
          12     0.9130    0.9545    0.9333        66
          13     0.9423    0.1707    0.2891       287
          14     0.7805    1.0000    0.8767        32
           2     0.9857    1.0000    0.9928       138
           3     0.3570    1.0000    0.5261       136
           4     1.0000    0.9924    0.9962       131
           5     1.0000    0.9853    0.9926       136
           6     0.9930    0.9660    0.9793       147
           7     1.0000    1.0000    1.0000       109
           8     1.0000    0.6481    0.7865       233
           9     0.7734    0.9900    0.8684       100

    accuracy                         0.8024      1690
   macro avg     0.8718    0.9061    0.8511      1690
weighted avg     0.9003    0.8024    0.7859      1690
