              precision    recall  f1-score   support

           1     1.0000    1.0000    1.0000        99
          10     0.9921    0.9843    0.9881       127
          11     0.9706    0.7500    0.8462        44
          12     0.9286    0.9579    0.9430        95
          13     0.9419    0.9932    0.9669       294
          14     0.9792    0.7121    0.8246        66
           2     0.9401    0.9458    0.9429       166
           3     0.9939    0.9759    0.9848       166
           4     0.8258    0.9866    0.8991       149
           5     0.9938    0.9876    0.9907       161
           6     0.9937    0.9023    0.9458       174
           7     0.9848    0.9630    0.9738       135
           8     0.9720    0.9878    0.9798       246
           9     1.0000    0.9922    0.9961       128

    accuracy                         0.9605      2050
   macro avg     0.9655    0.9385    0.9487      2050
weighted avg     0.9632    0.9605    0.9600      2050
