              precision    recall  f1-score   support

           1     0.9333    0.9825    0.9573        57
          10     0.7857    0.9167    0.8462        12
          11     0.6667    0.6667    0.6667        12
          12     0.6000    1.0000    0.7500         9
          13     0.5455    0.8571    0.6667         7
          14     0.7500    0.6000    0.6667        10
          15     0.8182    1.0000    0.9000         9
          16     0.7500    0.7500    0.7500         8
          17     0.7500    0.4286    0.5455         7
          18     0.5556    1.0000    0.7143         5
          19     0.8000    1.0000    0.8889         4
           2     0.8723    0.9762    0.9213        42
          20     0.8333    0.8333    0.8333         6
          21     1.0000    1.0000    1.0000         5
          22     0.6667    0.3333    0.4444         6
          23     1.0000    1.0000    1.0000         4
          24     1.0000    0.8333    0.9091         6
          25     1.0000    0.2500    0.4000         8
          26     1.0000    1.0000    1.0000         4
          27     1.0000    1.0000    1.0000         6
          28     0.6000    1.0000    0.7500         3
          29     0.8000    0.8000    0.8000         5
           3     0.8438    0.9643    0.9000        28
          30     0.2857    0.6667    0.4000         3
          31     0.7500    0.5000    0.6000         6
          32     1.0000    1.0000    1.0000         2
          33     1.0000    0.6667    0.8000         3
          34     1.0000    0.4000    0.5714         5
          35     1.0000    0.5000    0.6667         2
          36     1.0000    1.0000    1.0000         2
          37     1.0000    1.0000    1.0000         3
          38     1.0000    1.0000    1.0000         4
          39     1.0000    0.7500    0.8571         4
           4     0.7568    0.8235    0.7887        34
          40     0.5000    0.5000    0.5000         4
          41     0.0000    0.0000    0.0000         6
          42     1.0000    0.2000    0.3333         5
          43     1.0000    1.0000    1.0000         3
          44     0.0000    0.0000    0.0000         1
          45     1.0000    0.6667    0.8000         3
          46     0.7500    1.0000    0.8571         3
          47     1.0000    1.0000    1.0000         3
          48     0.0000    0.0000    0.0000         2
          49     1.0000    0.7500    0.8571         4
           5     0.9600    0.9600    0.9600        25
          50     0.0000    0.0000    0.0000         4
           6     1.0000    1.0000    1.0000        19
           7     0.9375    0.9375    0.9375        16
           8     0.9231    0.9231    0.9231        13
           9     1.0000    0.9231    0.9600        13

    accuracy                         0.8396       455
   macro avg     0.7887    0.7472    0.7424       455
weighted avg     0.8381    0.8396    0.8231       455
