              precision    recall  f1-score   support

           1     1.0000    0.9167    0.9565        24
           2     1.0000    1.0000    1.0000        25
           3     0.9565    1.0000    0.9778        22
           4     1.0000    0.9655    0.9825        29
           5     1.0000    0.9286    0.9630        28
           6     0.8929    1.0000    0.9434        25
           7     0.9565    1.0000    0.9778        22

    accuracy                         0.9714       175
   macro avg     0.9723    0.9730    0.9716       175
weighted avg     0.9738    0.9714    0.9715       175
