              precision    recall  f1-score   support

           1     0.5882    0.3774    0.4598        53
           2     0.4457    0.4767    0.4607        86
           3     0.4578    0.4471    0.4524        85
           4     0.4189    0.3444    0.3780        90
           5     0.5057    0.4356    0.4681       101
           6     0.4854    0.5952    0.5348        84
           7     0.4675    0.7059    0.5625        51

    accuracy                         0.4727       550
   macro avg     0.4813    0.4832    0.4737       550
weighted avg     0.4760    0.4727    0.4679       550
