              precision    recall  f1-score   support

           1     0.8079    0.9111    0.8564       180
          10     0.6571    0.7667    0.7077       180
          11     0.7921    0.8889    0.8377       180
           2     0.7164    0.5333    0.6115       180
           3     0.5874    0.6722    0.6269       180
           4     0.6872    0.8056    0.7417       180
           5     0.5533    0.6056    0.5782       180
           6     0.4925    0.3667    0.4204       180
           7     0.7412    0.7000    0.7200       180
           8     0.7037    0.6333    0.6667       180
           9     0.6291    0.5278    0.5740       180

    accuracy                         0.6737      1980
   macro avg     0.6698    0.6737    0.6674      1980
weighted avg     0.6698    0.6737    0.6674      1980
