              precision    recall  f1-score   support

           0     1.0000    0.9000    0.9474        10
           1     0.8333    0.5556    0.6667         9
           2     0.8000    0.6667    0.7273         6
           3     0.4667    1.0000    0.6364         7
           4     1.0000    0.6000    0.7500        10
           5     0.8000    0.8421    0.8205        19
           6     0.8333    0.8333    0.8333        12

    accuracy                         0.7808        73
   macro avg     0.8190    0.7711    0.7688        73
weighted avg     0.8324    0.7808    0.7860        73
