              precision    recall  f1-score   support

           1     0.9688    0.7381    0.8378       294
           2     1.0000    1.0000    1.0000       292
           3     0.8963    1.0000    0.9453       294
           4     0.7855    0.9758    0.8704       289
           5     1.0000    0.8926    0.9433       298
           6     1.0000    0.9932    0.9966       294
           7     1.0000    1.0000    1.0000       291
           8     1.0000    1.0000    1.0000       293

    accuracy                         0.9497      2345
   macro avg     0.9563    0.9500    0.9492      2345
weighted avg     0.9567    0.9497    0.9492      2345
