              precision    recall  f1-score   support

           1     0.6970    0.8961    0.7841        77
          10     0.8544    0.9003    0.8767       391
           2     0.7500    0.3000    0.4286        50
           3     0.6833    0.8200    0.7455        50
           4     0.8077    0.6562    0.7241        32
           5     0.9444    0.9714    0.9577        35
           6     1.0000    1.0000    1.0000        16
           7     0.8529    0.9355    0.8923        31
           8     1.0000    0.5000    0.6667        18
           9     0.5208    0.4167    0.4630        60

    accuracy                         0.8039       760
   macro avg     0.8111    0.7396    0.7539       760
weighted avg     0.8026    0.8039    0.7921       760
