              precision    recall  f1-score   support

           3     0.4286    0.3600    0.3913        25
           4     0.4340    0.5227    0.4742        44
           5     0.2941    0.2174    0.2500        23
           6     0.1111    0.1818    0.1379        11
           7     0.0000    0.0000    0.0000         9
           8     0.9545    1.0000    0.9767        42

    accuracy                         0.5260       154
   macro avg     0.3704    0.3803    0.3717       154
weighted avg     0.5058    0.5260    0.5126       154
