              precision    recall  f1-score   support

           1     1.0000    1.0000    1.0000        32
           2     0.9649    1.0000    0.9821        55
           3     0.9302    0.9524    0.9412        42
           4     0.9773    0.9773    0.9773        44
           5     0.8542    0.8913    0.8723        46
           6     1.0000    0.7826    0.8780        23

    accuracy                         0.9463       242
   macro avg     0.9544    0.9339    0.9418       242
weighted avg     0.9481    0.9463    0.9457       242
