              precision    recall  f1-score   support

           1     0.1579    0.0789    0.1053        38
          10     0.0000    0.0000    0.0000         2
          11     0.2157    0.1864    0.2000        59
          12     0.2346    0.3115    0.2676        61
          13     0.0526    0.0270    0.0357        37
          14     0.0000    0.0000    0.0000        34
          15     0.1667    0.0435    0.0690        23
          16     0.4286    0.2000    0.2727        15
          17     0.1975    0.1633    0.1788        98
          18     0.1667    0.1733    0.1699        75
          19     0.0000    0.0000    0.0000        16
           2     0.2812    0.1837    0.2222        49
          20     0.2788    0.3222    0.2990        90
          21     0.2151    0.3304    0.2606       112
          22     0.3158    0.1875    0.2353        64
          23     0.3630    0.3657    0.3643       134
          24     0.0000    0.0000    0.0000        20
          25     0.0625    0.0345    0.0444        29
          26     0.0000    0.0000    0.0000         3
          27     0.1143    0.0690    0.0860        58
          28     0.1495    0.1569    0.1531       102
          29     0.4914    0.7748    0.6014       111
           3     0.3590    0.5888    0.4460       214
          30     0.3750    0.1200    0.1818        25
          31     0.3850    0.5538    0.4543       130
          32     0.0000    0.0000    0.0000         8
          33     0.0000    0.0000    0.0000         5
          34     0.0000    0.0000    0.0000        21
          35     0.2000    0.1200    0.1500        25
          36     0.0000    0.0000    0.0000        18
          37     0.0000    0.0000    0.0000        13
          38     0.0000    0.0000    0.0000        22
          39     0.0000    0.0000    0.0000         1
           4     0.1429    0.0435    0.0667        23
           5     0.0000    0.0000    0.0000         8
           6     0.0000    0.0000    0.0000        30
           7     0.2903    0.2143    0.2466        42
           8     0.0000    0.0000    0.0000        11
           9     0.2828    0.4000    0.3314        70

    accuracy                         0.2911      1896
   macro avg     0.1520    0.1448    0.1395      1896
weighted avg     0.2446    0.2911    0.2567      1896
