              precision    recall  f1-score   support

           1     1.0000    0.7500    0.8571         4
          10     0.5714    1.0000    0.7273         4
          11     1.0000    1.0000    1.0000         4
          12     1.0000    1.0000    1.0000         4
          13     0.8000    1.0000    0.8889         4
          14     1.0000    0.2500    0.4000         4
          15     1.0000    1.0000    1.0000         4
          16     1.0000    1.0000    1.0000         4
          17     1.0000    1.0000    1.0000         4
          18     0.8000    1.0000    0.8889         4
          19     0.8000    1.0000    0.8889         4
           2     1.0000    1.0000    1.0000         4
          20     1.0000    0.7500    0.8571         4
          21     0.8000    1.0000    0.8889         4
          22     1.0000    1.0000    1.0000         4
          23     1.0000    1.0000    1.0000         4
          24     0.5000    1.0000    0.6667         4
          25     1.0000    0.7500    0.8571         4
          26     1.0000    1.0000    1.0000         4
          27     1.0000    0.5000    0.6667         4
          28     1.0000    1.0000    1.0000         4
          29     1.0000    1.0000    1.0000         4
           3     0.8000    1.0000    0.8889         4
          30     1.0000    0.5000    0.6667         4
          31     1.0000    0.5000    0.6667         4
          32     0.8000    1.0000    0.8889         4
          33     1.0000    0.7500    0.8571         4
          34     0.8000    1.0000    0.8889         4
          35     0.8000    1.0000    0.8889         4
          36     1.0000    0.7500    0.8571         4
          37     0.6000    0.7500    0.6667         4
          38     1.0000    0.7500    0.8571         4
          39     1.0000    1.0000    1.0000         4
           4     1.0000    0.5000    0.6667         4
          40     1.0000    1.0000    1.0000         4
          41     1.0000    1.0000    1.0000         4
          42     1.0000    1.0000    1.0000         4
          43     0.8000    1.0000    0.8889         4
          44     0.5714    1.0000    0.7273         4
          45     1.0000    1.0000    1.0000         4
          46     0.6667    0.5000    0.5714         4
          47     1.0000    1.0000    1.0000         4
          48     0.8000    1.0000    0.8889         4
          49     1.0000    1.0000    1.0000         4
           5     1.0000    1.0000    1.0000         4
          50     1.0000    0.7500    0.8571         4
          51     1.0000    1.0000    1.0000         4
          52     0.6667    0.5000    0.5714         4
           6     1.0000    0.7500    0.8571         4
           7     1.0000    0.5000    0.6667         4
           8     1.0000    1.0000    1.0000         4
           9     0.6667    1.0000    0.8000         4

    accuracy                         0.8750       208
   macro avg     0.9085    0.8750    0.8694       208
weighted avg     0.9085    0.8750    0.8694       208
