              precision    recall  f1-score   support

           1     1.0000    1.0000    1.0000        15
           2     1.0000    1.0000    1.0000        16
           3     1.0000    1.0000    1.0000        21
           4     1.0000    1.0000    1.0000        14
           5     1.0000    1.0000    1.0000        17
           6     1.0000    1.0000    1.0000        12
           7     1.0000    1.0000    1.0000        10

    accuracy                         1.0000       105
   macro avg     1.0000    1.0000    1.0000       105
weighted avg     1.0000    1.0000    1.0000       105
