              precision    recall  f1-score   support

           3     0.0000    0.0000    0.0000         2
           4     0.8000    0.9552    0.8707        67
           5     0.7097    0.5500    0.6197        40
           6     0.4444    0.4000    0.4211        10
           7     0.5000    0.0714    0.1250        14
           8     0.8780    1.0000    0.9351        72

    accuracy                         0.7951       205
   macro avg     0.5554    0.4961    0.4953       205
weighted avg     0.7642    0.7951    0.7630       205
