              precision    recall  f1-score   support

           1     0.7571    0.7067    0.7310        75
           2     0.6395    0.7333    0.6832        75
           3     0.5875    0.6267    0.6065        75
           4     0.6548    0.7333    0.6918        75
           5     0.7639    0.7333    0.7483        75
           6     0.8276    0.6400    0.7218        75

    accuracy                         0.6956       450
   macro avg     0.7051    0.6956    0.6971       450
weighted avg     0.7051    0.6956    0.6971       450
