              precision    recall  f1-score   support

           1     1.0000    0.9000    0.9474        10
          10     1.0000    1.0000    1.0000        10
          11     0.9091    1.0000    0.9524        10
          12     1.0000    1.0000    1.0000        10
          13     1.0000    0.6000    0.7500        10
          14     0.6923    0.9000    0.7826        10
          15     1.0000    1.0000    1.0000        10
          16     1.0000    1.0000    1.0000        10
          17     0.9091    1.0000    0.9524        10
          18     1.0000    0.9000    0.9474        10
          19     0.9000    0.9000    0.9000        10
           2     0.9091    1.0000    0.9524        10
          20     1.0000    1.0000    1.0000        10
          21     0.9091    1.0000    0.9524        10
          22     0.8889    0.8000    0.8421        10
          23     1.0000    1.0000    1.0000        10
          24     0.7692    1.0000    0.8696        10
          25     0.9091    1.0000    0.9524        10
          26     1.0000    1.0000    1.0000        10
          27     1.0000    0.9000    0.9474        10
          28     0.8000    0.8000    0.8000        10
          29     1.0000    1.0000    1.0000        10
           3     1.0000    1.0000    1.0000        10
          30     0.7692    1.0000    0.8696        10
          31     0.8750    0.7000    0.7778        10
          32     1.0000    1.0000    1.0000        10
          33     1.0000    1.0000    1.0000        10
          34     1.0000    1.0000    1.0000        10
          35     1.0000    0.9000    0.9474        10
          36     1.0000    1.0000    1.0000        10
          37     0.8333    1.0000    0.9091        10
          38     1.0000    1.0000    1.0000        10
          39     0.8889    0.8000    0.8421        10
           4     1.0000    1.0000    1.0000        10
          40     0.8182    0.9000    0.8571        10
          41     1.0000    0.3000    0.4615        10
          42     0.9000    0.9000    0.9000        10
          43     0.8333    0.5000    0.6250        10
          44     0.8889    0.8000    0.8421        10
          45     0.9000    0.9000    0.9000        10
          46     1.0000    1.0000    1.0000        10
          47     1.0000    1.0000    1.0000        10
          48     1.0000    0.8000    0.8889        10
          49     1.0000    0.9000    0.9474        10
           5     1.0000    1.0000    1.0000        10
          50     1.0000    1.0000    1.0000        10
          51     0.7500    0.9000    0.8182        10
          52     1.0000    0.9000    0.9474        10
          53     0.9091    1.0000    0.9524        10
          54     1.0000    1.0000    1.0000        10
          55     0.8889    0.8000    0.8421        10
          56     1.0000    1.0000    1.0000        10
          57     0.9091    1.0000    0.9524        10
          58     0.8333    1.0000    0.9091        10
          59     0.8889    0.8000    0.8421        10
           6     1.0000    1.0000    1.0000        10
          60     0.8333    1.0000    0.9091        10
           7     0.6667    1.0000    0.8000        10
           8     0.9091    1.0000    0.9524        10
           9     0.8889    0.8000    0.8421        10

    accuracy                         0.9217       600
   macro avg     0.9297    0.9217    0.9181       600
weighted avg     0.9297    0.9217    0.9181       600
