              precision    recall  f1-score   support

           1     0.9500    0.8261    0.8837        46
          10     1.0000    0.9796    0.9897        49
          11     0.9756    1.0000    0.9877        40
          12     0.9737    1.0000    0.9867        37
          13     1.0000    1.0000    1.0000        42
          14     1.0000    1.0000    1.0000        33
          15     0.9750    0.9750    0.9750        40
           2     1.0000    1.0000    1.0000        39
           3     0.9250    0.9250    0.9250        40
           4     1.0000    1.0000    1.0000        39
           5     0.9767    1.0000    0.9882        42
           6     0.9767    0.9333    0.9545        45
           7     1.0000    1.0000    1.0000        47
           8     0.9778    1.0000    0.9888        44
           9     0.8511    0.9524    0.8989        42

    accuracy                         0.9712       625
   macro avg     0.9721    0.9728    0.9719       625
weighted avg     0.9720    0.9712    0.9710       625
