              precision    recall  f1-score   support

           1     1.0000    1.0000    1.0000       173
           2     0.9937    1.0000    0.9968       157
           3     1.0000    0.9939    0.9969       164
           4     0.9655    0.9438    0.9545       178
           5     0.9390    0.9686    0.9536       159
           6     1.0000    0.9939    0.9969       164

    accuracy                         0.9829       995
   macro avg     0.9830    0.9834    0.9831       995
weighted avg     0.9831    0.9829    0.9829       995
