              precision    recall  f1-score   support

           1     0.9804    1.0000    0.9901        50
           2     1.0000    1.0000    1.0000        50
           3     0.9608    0.9800    0.9703        50
           4     0.9615    1.0000    0.9804        50
           5     1.0000    0.9600    0.9796        50
           6     1.0000    0.9600    0.9796        50

    accuracy                         0.9833       300
   macro avg     0.9838    0.9833    0.9833       300
weighted avg     0.9838    0.9833    0.9833       300
